186929267874070539
216265463708123136
175644187268612096
216314548683145218
265847487443501077
265885220845256704
265033140685242368
229302912788987907
199553069598507008
103492666431377408
267021431009705985
125272193885011969
266382124649676802
224218662318505985
268433585147609088
266551938034827274
266645618963906562
267407763074711552
144918888495185921
267045777057120257
249291321913769994
268590376686714909
262382266406273024
269341261326974977
269642423066427393
269646547442991104
268629033560965123
267413498177388554
266029600654622721
237041386086596608
269673504411090944
268483102609768448
253114743961812993
248903479936942081
269879499468832768
248241081819463683
249916229521899521
257711009484111874
205149240874237953
269904436875362304
250701661322870784
269908797844094987
269780294544916482
210142652585345024
269936529034575873
269937349356421120
260547475130155008
261546715524497428
188721458455904257
269839466309353472
269895643923742721
200684309554790400
270014175705563148
270194565573640193
270371415012802561
270380910258421771
201892431862562816
257099904701300738
270345964093440011
265931954602377218
270811265142620163
222003384759222273
265215413229453312
253415374782070786
202171009476984833
255290745441746946
237132921763397635
270590153993486337
147278482882166785
247788569739919360
266869723260649474
265859411442925568
265859449003048961
249613190646726657
269157923811360779
253543699391184898
270979752947351564
270976833753841665
227661023442632704
126504268692848641
261223299458138123
270959016555970580
250004887612555264
185493989221335040
269979812574003212
195656337483497475
271004926795186186
163097987470458881
165546948403658752
271061889436483595
271069564349972481
244251862201532417
271018365349265408
233747584957546497
269873591728865280
271091237304532995
271101949783441408
264065036782141443
264243239719010305
271137312782417931
247494223111127040
270159458133475328
270879614744657920
271284842514219009
